"";"ID";"Description";"GeneRatio";"BgRatio";"pvalue";"p.adjust";"qvalue";"geneID";"Count"
"kidney";"kidney";"kidney";0,185185185185185;0,0350095480585614;0,0019616754885027;0,063432452507324;0,0523340290956585;"SYNE2/SETD2/TSC2/MTOR/TP53";5
"leukemia";"leukemia";"leukemia";0,185185185185185;0,134945894334819;0,295510410978922;0,412454502370275;0,340289632112033;"SETD2/LUZP2/COL25A1/WT1/TP53";5
"neuroblastoma";"neuroblastoma";"neuroblastoma";0,148148148148148;0,0241884150222788;0,00342878121661211;0,063432452507324;0,0523340290956585;"SYNE2/C3/SORCS2/ANK3";4
"colorectal";"colorectal";"colorectal";0,148148148148148;0,0324633991088479;0,00995622336433174;0,105259571057017;0,0868428893500281;"TCF7L2/SMAD2/DMD/TP53";4
"head_and_neck";"head_and_neck";"head_and_neck";0,148148148148148;0,0649267982176957;0,0928987893561968;0,214996272488953;0,177379570474527;"ADAMTS12/TSC2/MTOR/TP53";4
"lymphoma";"lymphoma";"lymphoma";0,148148148148148;0,103119032463399;0,300980312540471;0,412454502370275;0,340289632112033;"CPS1/STAT3/DIAPH1/TP53";4
"esophageal";"esophageal";"esophageal";0,111111111111111;0,0356460852959898;0,0685299671578367;0,214996272488953;0,177379570474527;"DOCK2/ABCB1/TP53";3
"liver";"liver";"liver";0,111111111111111;0,0388287714831318;0,084081898495172;0,214996272488953;0,177379570474527;"TSC2/AMPH/TP53";3
"bladder";"bladder";"bladder";0,111111111111111;0,0426479949077021;0,104592781210842;0,214996272488953;0,177379570474527;"SYNE2/ANK3/TP53";3
"gastric";"gastric";"gastric";0,111111111111111;0,0464672183322724;0,126933190233105;0,247185686243414;0,203936981537952;"SMAD2/DMD/TP53";3
"lung";"lung";"lung";0,111111111111111;0,0910248249522597;0,451754595508156;0,522341251056305;0,430950107557122;"XPNPEP2/SETD2/TP53";3
"pancreas";"pancreas";"pancreas";0,111111111111111;0,09484404837683;0,47982055549209;0,537980622824464;0,443853145431279;"DOCK2/TSC2/TP53";3
"adenocarcinoma";"adenocarcinoma";"adenocarcinoma";0,0740740740740741;0,0063653723742839;0,0117620936618565;0,105259571057017;0,0868428893500281;"SETD2/TP53";2
"intracranial_germ_cell";"intracranial_germ_cell";"intracranial_germ_cell";0,0740740740740741;0,00700190961171229;0,0142242663590563;0,105259571057017;0,0868428893500281;"MTOR/TP53";2
"angiosarcoma";"angiosarcoma";"angiosarcoma";0,0740740740740741;0,0101845957988542;0,0294366186364991;0,152678620581473;0,125965291518142;"SETD2/TP53";2
"astrocytoma";"astrocytoma";"astrocytoma";0,0740740740740741;0,0101845957988542;0,0294366186364991;0,152678620581473;0,125965291518142;"SETD2/TP53";2
"renal_cell_carcinoma";"renal_cell_carcinoma";"renal_cell_carcinoma";0,0740740740740741;0,0108211330362826;0,0330115936392373;0,152678620581473;0,125965291518142;"SETD2/MTOR";2
"nasopharyngeal";"nasopharyngeal";"nasopharyngeal";0,0740740740740741;0,0171865054105665;0,0767166677113743;0,214996272488953;0,177379570474527;"ATG7/TP53";2
"prostate";"prostate";"prostate";0,0740740740740741;0,0337364735837047;0,230490922256914;0,355340171812743;0,293168278309233;"SCN11A/TP53";2
"breast";"breast";"breast";0,0740740740740741;0,0509229789942712;0,403867810901813;0,482035774302164;0,397696655896522;"SETD2/TP53";2
"glioblastoma";"glioblastoma";"glioblastoma";0,0740740740740741;0,0661998726925525;0,543418013169024;0,59136666138982;0,48789852575547;"ABCB1/TP53";2
"melanoma";"melanoma";"melanoma";0,0740740740740741;0,0852959898154042;0,685678407442712;0,704725029871676;0,581423210989434;"MAP2K1/TP53";2
"adrenocortical_carcinoma ";"adrenocortical_carcinoma ";"adrenocortical_carcinoma ";0,037037037037037;0,00254614894971356;0,0670563885502982;0,214996272488953;0,177379570474527;"TP53";1
"Ewing_sarcoma";"Ewing_sarcoma";"Ewing_sarcoma";0,037037037037037;0,00254614894971356;0,0670563885502982;0,214996272488953;0,177379570474527;"TP53";1
"chondrosarcoma";"chondrosarcoma";"chondrosarcoma";0,037037037037037;0,00318268618714195;0,0831313582434334;0,214996272488953;0,177379570474527;"TP53";1
"adrenocortical_carcinoma";"adrenocortical_carcinoma";"adrenocortical_carcinoma";0,037037037037037;0,00381922342457034;0,0989394382737188;0,214996272488953;0,177379570474527;"TP53";1
"gallbladder";"gallbladder";"gallbladder";0,037037037037037;0,00381922342457034;0,0989394382737188;0,214996272488953;0,177379570474527;"TP53";1
"myeloma";"myeloma";"myeloma";0,037037037037037;0,0063653723742839;0,159587154443739;0,295236235720918;0,243580393624655;"TP53";1
"adrenocortical_adenoma";"adrenocortical_adenoma";"adrenocortical_adenoma";0,037037037037037;0,00763844684914067;0,188417460580535;0,316883910976354;0,261440495542369;"STAT3";1
"thymus";"thymus";"thymus";0,037037037037037;0,00763844684914067;0,188417460580535;0,316883910976354;0,261440495542369;"TP53";1
"myelodysplasia";"myelodysplasia";"myelodysplasia";0,037037037037037;0,00827498408656906;0,202473091474907;0,325717581937894;0,268728588227565;"TP53";1
"ovarian";"ovarian";"ovarian";0,037037037037037;0,0127307447485678;0,294501683841197;0,412454502370275;0,340289632112033;"TP53";1
"medulloblastoma";"medulloblastoma";"medulloblastoma";0,037037037037037;0,0140038192234246;0,318858477270847;0,421348702107904;0,347627663190021;"TP53";1
"cholangiocarcinoma";"cholangiocarcinoma";"cholangiocarcinoma";0,037037037037037;0,0171865054105665;0,376259858293665;0,477506251860215;0,393959638803591;"TP53";1
"soft_tissue_sarcomas";"soft_tissue_sarcomas";"soft_tissue_sarcomas";0,037037037037037;0,0178230426479949;0,387167231238012;0,477506251860215;0,393959638803591;"TP53";1
"endometrial";"endometrial";"endometrial";0,037037037037037;0,0337364735837047;0,607216030108558;0,641914088971904;0,529601951072126;"TP53";1
"glioma";"glioma";"glioma";0,037037037037037;0,0483768300445576;0,740841866606778;0,740841866606778;0,611220885678423;"TP53";1
